[[[ 246.6602478   227.04930115]]

 [[ 281.62548828  227.62086487]]

 [[ 316.4128418   228.71350098]]

 [[ 350.89306641  229.65376282]]

 [[ 245.14601135  261.29180908]]

 [[ 280.55072021  262.32965088]]

 [[ 315.43093872  262.90979004]]

 [[ 350.33670044  264.02853394]]

 [[ 243.72067261  296.29437256]]

 [[ 279.31860352  297.32128906]]

 [[ 314.67919922  298.13168335]]

 [[ 349.65817261  299.16372681]]

 [[ 242.08474731  332.19354248]]

 [[ 278.2850647   332.91888428]]

 [[ 313.7024231   333.75952148]]

 [[ 348.97860718  334.79031372]]]
cmd_steering_dx : -22.5466003418
Area : 10986.283513940483
ret : True
[[[ 246.54997253  227.00932312]]

 [[ 281.64724731  227.76264954]]

 [[ 316.31005859  228.67944336]]

 [[ 350.82803345  229.67236328]]

 [[ 245.19425964  261.29495239]]

 [[ 280.52148438  262.27139282]]

 [[ 315.47512817  263.05834961]]

 [[ 350.35516357  264.03353882]]

 [[ 243.58505249  296.36825562]]

 [[ 279.30554199  297.33322144]]

 [[ 314.61849976  298.10778809]]

 [[ 349.63580322  299.04046631]]

 [[ 242.07539368  332.29492188]]

 [[ 278.23330688  332.79510498]]

 [[ 313.63772583  333.58914185]]

 [[ 349.11880493  334.69949341]]]
cmd_steering_dx : -22.5587158203
Area : 10995.288150735281
Frames per Second: 6.858434801877806
